12 0.34975961538461536 0.6418269230769231 0.06610576923076923 0.39783653846153844
10 0.6009615384615384 0.6899038461538461 0.22115384615384615 0.5949519230769231
10 0.7716346153846154 0.6105769230769231 0.1141826923076923 0.7079326923076923
11 0.5949519230769231 0.4987980769230769 0.12379807692307693 0.2091346153846154
11 0.7740384615384616 0.35096153846153844 0.0733173076923077 0.14302884615384615
3 0.6274038461538461 0.7572115384615384 0.171875 0.36658653846153844
4 0.7644230769230769 0.46153846153846156 0.037259615384615384 0.0889423076923077
7 0.6658653846153846 0.19951923076923078 0.2127403846153846 0.17908653846153846
9 0.6454326923076923 0.3401442307692308 0.12379807692307693 0.16346153846153846
0 0.38461538461538464 0.3557692307692308 0.17668269230769232 0.6514423076923077
2 0.38100961538461536 0.25240384615384615 0.1141826923076923 0.2439903846153846