14 0.75234375 0.51328125 0.1734375 0.22109375
14 0.7671875 0.3171875 0.17734375 0.18515625
14 0.784375 0.1671875 0.1609375 0.1671875
14 0.60703125 0.15078125 0.17890625 0.17265625
14 0.43125 0.146875 0.175 0.15234375
14 0.25546875 0.14921875 0.16953125 0.1390625
14 0.209375 0.28515625 0.19296875 0.1671875
14 0.40546875 0.30078125 0.17890625 0.17734375
14 0.58671875 0.309375 0.175 0.15234375
14 0.56328125 0.5015625 0.19140625 0.2375
14 0.378125 0.4828125 0.17734375 0.22734375
14 0.19609375 0.47109375 0.1859375 0.23671875
14 0.7296875 0.825 0.1890625 0.22421875