2 0.059375 0.72265625 0.096875 0.52734375
2 0.125 0.76484375 0.11875 0.4703125
2 0.2015625 0.74453125 0.1671875 0.5
2 0.36328125 0.7328125 0.1359375 0.5234375
2 0.4703125 0.7234375 0.090625 0.53671875
2 0.60703125 0.7546875 0.1296875 0.490625
2 0.68671875 0.74375 0.10625 0.490625
2 0.7578125 0.77578125 0.090625 0.4484375
2 0.86875 0.76796875 0.14375 0.4640625
2 0.9625 0.78359375 0.071875 0.4328125
2 0.94609375 0.3453125 0.0984375 0.52890625
2 0.821875 0.33828125 0.08984375 0.47578125
2 0.734375 0.315625 0.15390625 0.478125
2 0.65390625 0.3234375 0.134375 0.55625
2 0.60546875 0.140625 0.115625 0.2609375
2 0.56796875 0.246875 0.10390625 0.44921875
2 0.50078125 0.24140625 0.09921875 0.4390625
2 0.41796875 0.33046875 0.0953125 0.41328125
2 0.31875 0.40234375 0.09375 0.425
2 0.24296875 0.4015625 0.0671875 0.321875
2 0.184375 0.315625 0.10703125 0.525
2 0.1015625 0.30625 0.071875 0.43515625
2 0.059375 0.2109375 0.10703125 0.3859375