14 0.77109375 0.1984375 0.07734375 0.1125
14 0.890625 0.371875 0.09375 0.153125
14 0.5875 0.76171875 0.09296875 0.08515625
14 0.284375 0.8609375 0.0921875 0.128125
14 0.37421875 0.28671875 0.08828125 0.09296875
14 0.08671875 0.6984375 0.06484375 0.071875
14 0.18046875 0.7796875 0.071875 0.09140625
14 0.784375 0.7046875 0.0546875 0.12109375
14 0.71875 0.725 0.06640625 0.109375
14 0.96015625 0.51953125 0.07109375 0.0953125
14 0.88515625 0.94609375 0.06171875 0.1078125
14 0.640625 0.94453125 0.071875 0.1109375
14 0.5953125 0.86796875 0.0515625 0.11875
14 0.540625 0.8703125 0.06484375 0.10625
14 0.45078125 0.87734375 0.08203125 0.1296875
14 0.41484375 0.59765625 0.09375 0.1140625
14 0.16171875 0.26953125 0.07109375 0.07109375
14 0.73125 0.09375 0.0609375 0.09765625
14 0.6015625 0.390625 0.05859375 0.10234375
14 0.57578125 0.47734375 0.05859375 0.08828125
14 0.628125 0.4765625 0.0546875 0.115625
14 0.70703125 0.409375 0.10859375 0.10703125
14 0.51015625 0.63671875 0.0703125 0.08203125
14 0.6203125 0.6625 0.06171875 0.1140625
14 0.86015625 0.59296875 0.06796875 0.10078125
14 0.8484375 0.740625 0.05546875 0.11484375
14 0.36484375 0.8421875 0.0609375 0.09609375
14 0.378125 0.74453125 0.06953125 0.08671875
14 0.05703125 0.94140625 0.059375 0.10234375
14 0.153125 0.9078125 0.07265625 0.10859375
14 0.23125 0.34375 0.07265625 0.0984375
14 0.37265625 0.434375 0.06953125 0.103125
14 0.3328125 0.37734375 0.059375 0.08359375
14 0.42578125 0.37734375 0.075 0.1125
14 0.52265625 0.12578125 0.0734375 0.125
14 0.846875 0.2640625 0.07734375 0.1375
14 0.72109375 0.57421875 0.06875 0.10859375
14 0.0796875 0.05625 0.04453125 0.059375