2 0.31484375 0.84765625 0.271875 0.25859375
2 0.0828125 0.50859375 0.165625 0.36328125
2 0.07734375 0.815625 0.15390625 0.2671875
2 0.26796875 0.6203125 0.27890625 0.34765625
2 0.1828125 0.2921875 0.3640625 0.2703125
2 0.38046875 0.39296875 0.35859375 0.309375
2 0.5828125 0.284375 0.30234375 0.1640625
2 0.3796875 0.1671875 0.434375 0.19765625
2 0.1015625 0.0828125 0.196875 0.165625
2 0.6796875 0.121875 0.3234375 0.1734375
2 0.815625 0.2265625 0.2625 0.165625
2 0.678125 0.41171875 0.38828125 0.33125
2 0.49453125 0.64609375 0.2484375 0.28828125
2 0.80546875 0.67421875 0.275 0.2390625
2 0.65546875 0.7703125 0.2640625 0.33203125