1 0.8625 0.66640625 0.253125 0.384375
1 0.271875 0.178125 0.23984375 0.22109375
1 0.49296875 0.18125 0.1984375 0.2140625
1 0.6875 0.203125 0.1765625 0.278125
1 0.14921875 0.49453125 0.2046875 0.29453125
1 0.33125 0.3515625 0.23125 0.27578125
1 0.553125 0.3765625 0.225 0.30546875
1 0.3046875 0.79296875 0.22265625 0.253125
1 0.31953125 0.55234375 0.203125 0.23984375
1 0.46875 0.6453125 0.22734375 0.2578125
1 0.58046875 0.859375 0.21796875 0.2234375
1 0.665625 0.653125 0.2109375 0.27265625
1 0.75234375 0.4296875 0.19375 0.29453125