2 0.7375 0.70390625 0.03828125 0.18984375
2 0.7671875 0.7671875 0.034375 0.14375
2 0.79296875 0.88984375 0.07265625 0.1078125
2 0.8453125 0.803125 0.05625 0.08125
2 0.79765625 0.70859375 0.03828125 0.1671875
2 0.76484375 0.60546875 0.02421875 0.19140625
2 0.7421875 0.521875 0.03359375 0.1375
2 0.796875 0.5125 0.028125 0.203125
2 0.81875 0.56015625 0.0296875 0.1890625
2 0.85390625 0.5640625 0.03515625 0.171875
2 0.88828125 0.63203125 0.03125 0.14765625
2 0.80625 0.33203125 0.025 0.1421875
2 0.84296875 0.3796875 0.03515625 0.15390625
2 0.8796875 0.36640625 0.02890625 0.19765625
2 0.92890625 0.284375 0.0171875 0.1359375
2 0.909375 0.15546875 0.03671875 0.18515625
2 0.91640625 0.56171875 0.03359375 0.1546875
2 0.95234375 0.35 0.034375 0.20390625
2 0.371875 0.709375 0.12734375 0.14921875
2 0.38828125 0.8296875 0.09453125 0.09609375
2 0.54609375 0.7265625 0.1453125 0.08125
2 0.53125 0.79921875 0.11875 0.0984375
2 0.47109375 0.84609375 0.0390625 0.12265625
2 0.51015625 0.553125 0.05625 0.28359375
2 0.57421875 0.640625 0.11953125 0.05703125
2 0.559375 0.5140625 0.0625 0.23828125
2 0.53125 0.19375 0.12734375 0.10859375
2 0.33984375 0.4875 0.109375 0.184375
2 0.4140625 0.5 0.046875 0.2484375
2 0.44921875 0.47265625 0.03359375 0.24453125
2 0.38984375 0.32265625 0.11484375 0.11015625
2 0.4359375 0.2703125 0.05390625 0.21015625
2 0.16328125 0.40625 0.0640625 0.22734375
2 0.21484375 0.4109375 0.04375 0.2234375