1 0.0453125 0.8953125 0.0890625 0.19453125
1 0.178125 0.9171875 0.240625 0.165625
1 0.43203125 0.9015625 0.2484375 0.196875
1 0.77734375 0.9203125 0.2796875 0.159375
1 0.0328125 0.715625 0.065625 0.23671875
1 0.14921875 0.76484375 0.18828125 0.15859375
1 0.3140625 0.81015625 0.1609375 0.20546875
1 0.55234375 0.84296875 0.21171875 0.25234375
1 0.89296875 0.89296875 0.1671875 0.18984375
1 0.625 0.74453125 0.178125 0.19921875
1 0.31015625 0.659375 0.1609375 0.1984375
1 0.44765625 0.6765625 0.15234375 0.1765625
1 0.16796875 0.62890625 0.15625 0.18828125
1 0.0609375 0.565625 0.1125 0.21875
1 0.76484375 0.76484375 0.12421875 0.22109375
1 0.15234375 0.46328125 0.1359375 0.19453125
1 0.26875 0.50078125 0.13203125 0.13203125
1 0.39765625 0.54453125 0.1359375 0.15703125
1 0.52734375 0.58203125 0.140625 0.2125
1 0.67265625 0.646875 0.14765625 0.2234375
1 0.803125 0.6734375 0.13046875 0.1578125
1 0.915625 0.690625 0.16328125 0.1734375
1 0.2828125 0.3671875 0.13828125 0.165625
1 0.41171875 0.40078125 0.13046875 0.15703125
1 0.5125 0.36640625 0.153125 0.17578125
1 0.665625 0.47734375 0.1921875 0.17890625
1 0.82109375 0.48125 0.09921875 0.1046875
1 0.81796875 0.5859375 0.1171875 0.1453125
1 0.9359375 0.515625 0.128125 0.1859375
1 0.10390625 0.0859375 0.20703125 0.13984375
1 0.24296875 0.04921875 0.184375 0.09765625
1 0.37890625 0.0375 0.13984375 0.075
1 0.746875 0.1703125 0.50546875 0.321875