14 0.3703125 0.74609375 0.26328125 0.2140625
14 0.12890625 0.78671875 0.2578125 0.2578125
14 0.6453125 0.7765625 0.278125 0.2140625
14 0.903125 0.7578125 0.19375 0.22421875
14 0.62734375 0.56640625 0.16875 0.15
14 0.45546875 0.575 0.18359375 0.15859375
14 0.28125 0.5640625 0.16875 0.18828125
14 0.1328125 0.54375 0.1953125 0.153125
14 0.38046875 0.38984375 0.1984375 0.2015625
14 0.5578125 0.39453125 0.1875 0.215625
14 0.5203125 0.21796875 0.15546875 0.1671875
14 0.3890625 0.14921875 0.1625 0.1796875
14 0.28515625 0.09921875 0.14609375 0.1828125
14 0.2859375 0.334375 0.15625 0.165625