14 0.07890625 0.66015625 0.1578125 0.1390625
14 0.30234375 0.76484375 0.23828125 0.10546875
14 0.4203125 0.83359375 0.24921875 0.16171875
14 0.48984375 0.69375 0.1890625 0.1328125
14 0.66875 0.65234375 0.1984375 0.1390625
14 0.2984375 0.64921875 0.20859375 0.1171875
14 0.809375 0.5234375 0.2484375 0.20859375
14 0.84375 0.66875 0.1796875 0.14296875
14 0.4140625 0.41015625 0.2109375 0.14609375
14 0.26875 0.06484375 0.196875 0.10625
14 0.7625 0.17890625 0.30078125 0.1921875
14 0.62890625 0.3328125 0.3578125 0.16484375
14 0.33515625 0.296875 0.17734375 0.0890625
14 0.28203125 0.26484375 0.40078125 0.1515625