2 0.11796875 0.50390625 0.2 0.371875
2 0.14140625 0.10078125 0.2078125 0.196875
2 0.21875 0.30390625 0.25546875 0.225
2 0.36015625 0.20390625 0.3234375 0.2078125
2 0.4 0.06484375 0.309375 0.1125
2 0.58125 0.15703125 0.1609375 0.1796875
2 0.621875 0.06640625 0.19140625 0.128125
2 0.28359375 0.60625 0.20390625 0.309375
2 0.36796875 0.41953125 0.240625 0.26171875
2 0.1421875 0.8265625 0.2390625 0.25546875
2 0.3328125 0.8375 0.16640625 0.2375
2 0.421875 0.77734375 0.0859375 0.196875
2 0.55859375 0.48046875 0.19765625 0.22734375
2 0.7609375 0.16875 0.19609375 0.19609375
2 0.6375 0.309375 0.1890625 0.24375
2 0.72421875 0.44921875 0.15234375 0.17734375
2 0.81796875 0.39765625 0.15 0.16640625
2 0.45 0.6359375 0.18046875 0.19375
2 0.55 0.74375 0.19453125 0.2984375
2 0.69140625 0.73984375 0.21875 0.28984375
2 0.88359375 0.6953125 0.21328125 0.378125