2 0.32109375 0.2453125 0.09609375 0.31171875
2 0.44609375 0.24609375 0.09609375 0.24453125
2 0.4234375 0.409375 0.08828125 0.19609375
2 0.4546875 0.52265625 0.0828125 0.19140625
2 0.4453125 0.78203125 0.1140625 0.309375
2 0.353125 0.7890625 0.0859375 0.29921875
2 0.2765625 0.77421875 0.1015625 0.2578125
2 0.22578125 0.84609375 0.13671875 0.2390625
2 0.1625 0.3171875 0.1171875 0.2859375
2 0.2453125 0.26171875 0.0890625 0.28828125
2 0.2875 0.5328125 0.1046875 0.26171875
2 0.19140625 0.57265625 0.11796875 0.303125
2 0.14140625 0.7484375 0.13046875 0.31796875
2 0.1390625 0.47890625 0.1515625 0.30390625