2 0.584375 0.196875 0.2875 0.35859375
2 0.69453125 0.16875 0.15390625 0.3328125
2 0.50625 0.453125 0.30703125 0.3390625
2 0.68671875 0.46015625 0.18828125 0.29140625
2 0.78046875 0.6796875 0.1390625 0.2234375
2 0.60625 0.6890625 0.21875 0.2296875
2 0.4109375 0.6828125 0.2453125 0.24921875
2 0.5578125 0.88828125 0.23515625 0.1671875
2 0.74453125 0.88046875 0.13671875 0.2328125
2 0.90390625 0.85703125 0.19140625 0.2609375
2 0.91015625 0.5890625 0.17890625 0.3515625
2 0.93515625 0.26953125 0.12890625 0.5390625
2 0.42421875 0.1578125 0.14375 0.2875