1 0.56328125 0.49375 0.33046875 0.38203125
1 0.15 0.384375 0.3 0.34921875
1 0.184375 0.121875 0.32578125 0.240625
1 0.4890625 0.221875 0.3015625 0.23984375
1 0.7578125 0.18046875 0.2953125 0.3265625
1 0.165625 0.70703125 0.29921875 0.28359375
1 0.346875 0.55625 0.21484375 0.26640625
1 0.85078125 0.5390625 0.2890625 0.37578125
1 0.93828125 0.271875 0.1234375 0.3390625
1 0.57265625 0.05859375 0.26875 0.1171875
1 0.40390625 0.82734375 0.2703125 0.334375
1 0.1234375 0.89765625 0.246875 0.2046875
1 0.76328125 0.85390625 0.3453125 0.2921875