2 0.821875 0.509375 0.2125 0.43984375
2 0.79453125 0.69765625 0.128125 0.57265625
2 0.71640625 0.646875 0.115625 0.5484375
2 0.646875 0.6828125 0.071875 0.55546875
2 0.5875 0.659375 0.09140625 0.68125
2 0.5515625 0.56171875 0.15546875 0.5328125
2 0.48125 0.53828125 0.05546875 0.390625
2 0.421875 0.53125 0.04609375 0.36484375
2 0.403125 0.525 0.05234375 0.36484375
2 0.36953125 0.5171875 0.05234375 0.278125
2 0.5078125 0.246875 0.1953125 0.1703125
2 0.36484375 0.23515625 0.06171875 0.16328125
2 0.3015625 0.2859375 0.09140625 0.28984375