2 0.509375 0.55234375 0.5234375 0.89375
2 0.69765625 0.33125 0.10546875 0.1078125
2 0.71484375 0.4109375 0.13359375 0.06796875
2 0.68671875 0.475 0.11484375 0.1828125
2 0.6390625 0.59765625 0.11953125 0.190625
2 0.56328125 0.69375 0.14921875 0.2328125
2 0.453125 0.75078125 0.14140625 0.146875
2 0.42109375 0.88046875 0.27109375 0.1453125
2 0.465625 0.21640625 0.0734375 0.16640625
2 0.540625 0.20625 0.06640625 0.1703125
2 0.61796875 0.24921875 0.10234375 0.22578125
2 0.68671875 0.27265625 0.10234375 0.20390625
2 0.5546875 0.3890625 0.1078125 0.21171875
2 0.45390625 0.43515625 0.06796875 0.10390625
2 0.4484375 0.575 0.0953125 0.1578125
2 0.340625 0.6015625 0.0734375 0.1546875
2 0.3109375 0.740625 0.0953125 0.1640625
2 0.4453125 0.3375 0.08203125 0.10234375