2 0.55390625 0.3859375 0.12109375 0.1734375
2 0.609375 0.365625 0.08359375 0.15859375
2 0.7 0.42578125 0.09609375 0.18515625
2 0.55 0.2265625 0.12265625 0.1375
2 0.4296875 0.16953125 0.10703125 0.11015625
2 0.43515625 0.29609375 0.12734375 0.14453125
2 0.31328125 0.31875 0.10859375 0.17734375
2 0.690625 0.58125 0.09609375 0.1578125
2 0.5984375 0.53515625 0.12578125 0.16640625
2 0.4671875 0.5 0.10703125 0.1703125
2 0.334375 0.52265625 0.14140625 0.21640625
2 0.32421875 0.71328125 0.09296875 0.134375
2 0.43671875 0.69296875 0.09296875 0.1625
2 0.52578125 0.66953125 0.06484375 0.146875
2 0.59453125 0.7046875 0.08984375 0.16796875
2 0.6640625 0.775 0.09921875 0.1578125