2 0.240625 0.234375 0.06796875 0.109375
2 0.19375 0.2234375 0.0578125 0.10234375
2 0.1125 0.228125 0.08359375 0.12578125
2 0.19453125 0.32890625 0.0640625 0.090625
2 0.24453125 0.32578125 0.06015625 0.078125
2 0.1125 0.34375 0.06796875 0.08515625
2 0.196875 0.434375 0.05859375 0.065625
2 0.2453125 0.41875 0.05546875 0.0828125
2 0.240625 0.4953125 0.06796875 0.04921875
2 0.11484375 0.50078125 0.0609375 0.1078125
2 0.1578125 0.50625 0.02578125 0.08359375
2 0.2390625 0.596875 0.0640625 0.0921875
2 0.1078125 0.6 0.0703125 0.09921875
2 0.9515625 0.16796875 0.096875 0.16640625
2 0.93515625 0.28359375 0.1296875 0.09140625
2 0.95546875 0.45859375 0.0890625 0.29453125
2 0.74375 0.18359375 0.09140625 0.1046875
2 0.840625 0.19765625 0.07890625 0.08515625
2 0.88125 0.23671875 0.0828125 0.09453125
2 0.434375 0.88359375 0.3328125 0.07421875
2 0.403125 0.80625 0.2984375 0.06640625
2 0.41015625 0.74609375 0.246875 0.04296875
2 0.415625 0.703125 0.29609375 0.0546875
2 0.37734375 0.64921875 0.18671875 0.04296875
2 0.365625 0.59375 0.1734375 0.07109375
2 0.32265625 0.50390625 0.08828125 0.07890625
2 0.3265625 0.42734375 0.040625 0.09296875
2 0.63125 0.25234375 0.171875 0.0828125
2 0.4953125 0.96796875 0.421875 0.0625
2 0.91640625 0.946875 0.16640625 0.10390625
2 0.8609375 0.8390625 0.278125 0.11953125
2 0.846875 0.70703125 0.30546875 0.175
2 0.659375 0.66640625 0.22265625 0.0921875
2 0.63359375 0.58125 0.29921875 0.06796875
2 0.6140625 0.5375 0.32109375 0.05703125
2 0.57578125 0.4703125 0.23359375 0.08125
2 0.3875 0.41953125 0.09609375 0.04921875
2 0.43359375 0.465625 0.1265625 0.04453125
2 0.790625 0.4125 0.2234375 0.2296875
2 0.621875 0.36875 0.1421875 0.09453125
2 0.528125 0.3671875 0.1109375 0.09765625
2 0.43125 0.3640625 0.0609375 0.05703125