1 0.28203125 0.553125 0.225 0.4234375
1 0.51328125 0.2484375 0.24453125 0.38515625
1 0.14140625 0.68828125 0.175 0.31640625
1 0.47578125 0.61484375 0.2046875 0.4078125
1 0.0328125 0.61875 0.065625 0.26875
1 0.67421875 0.296875 0.10625 0.22109375
1 0.8484375 0.17890625 0.2453125 0.33515625
1 0.76796875 0.2734375 0.09140625 0.153125
1 0.753125 0.09296875 0.06875 0.11875
1 0.978125 0.15 0.04375 0.26171875
1 0.696875 0.7484375 0.0875 0.209375
1 0.81953125 0.83359375 0.103125 0.246875
1 0.540625 0.7671875 0.0984375 0.153125
1 0.57734375 0.9125 0.08515625 0.1375
1 0.971875 0.9015625 0.05625 0.19296875
1 0.51875 0.9578125 0.0796875 0.084375
1 0.71328125 0.96328125 0.08828125 0.0734375
1 0.91875 0.709375 0.09296875 0.18125