14 0.8734375 0.1390625 0.23515625 0.27734375
14 0.903125 0.46328125 0.19375 0.39140625
14 0.42109375 0.521875 0.21640625 0.22734375
14 0.67890625 0.209375 0.25234375 0.31328125
14 0.190625 0.71015625 0.20625 0.26953125
14 0.353125 0.7640625 0.265625 0.278125
14 0.54765625 0.75625 0.2359375 0.30390625
14 0.70625 0.47734375 0.175 0.23046875
14 0.0875 0.25078125 0.175 0.359375
14 0.16875 0.4640625 0.2203125 0.2421875
14 0.46796875 0.2078125 0.2359375 0.34375
14 0.82109375 0.7421875 0.19296875 0.2125