2 0.27109375 0.8546875 0.07578125 0.1421875
2 0.3046875 0.89296875 0.06640625 0.13984375
2 0.3546875 0.9078125 0.05859375 0.1703125
2 0.40078125 0.878125 0.0671875 0.15078125
2 0.4296875 0.7796875 0.10078125 0.07109375
2 0.3375 0.8640625 0.25859375 0.2328125
2 0.6046875 0.834375 0.18671875 0.21328125
2 0.7515625 0.60390625 0.153125 0.16171875
2 0.2734375 0.2359375 0.25234375 0.1609375
2 0.509375 0.3828125 0.2171875 0.14921875
2 0.54921875 0.21953125 0.15390625 0.12890625
2 0.5078125 0.06171875 0.159375 0.09296875
2 0.746875 0.140625 0.17421875 0.146875
2 0.74765625 0.2703125 0.18984375 0.11328125
2 0.7203125 0.421875 0.19921875 0.1234375
2 0.29140625 0.6421875 0.24921875 0.19921875
2 0.51484375 0.59140625 0.23203125 0.14921875
2 0.453125 0.33046875 0.0796875 0.0453125
2 0.45859375 0.39453125 0.07109375 0.07421875
2 0.5140625 0.40078125 0.0453125 0.0875
2 0.5640625 0.3875 0.05625 0.0796875
2 0.19296875 0.21796875 0.06640625 0.0671875
2 0.2421875 0.21484375 0.05234375 0.09375
2 0.3203125 0.20546875 0.1015625 0.06171875
2 0.68125 0.26796875 0.046875 0.07578125
2 0.73515625 0.2734375 0.0328125 0.06015625
2 0.79375 0.2703125 0.0484375 0.0875
2 0.603125 0.225 0.03671875 0.10078125
2 0.5546875 0.22109375 0.03828125 0.09921875
2 0.5015625 0.2046875 0.03046875 0.07265625
2 0.5578125 0.54765625 0.078125 0.0625
2 0.52265625 0.61640625 0.0765625 0.0765625
2 0.45234375 0.57890625 0.05390625 0.0734375