14 0.59921875 0.28515625 0.0796875 0.05
14 0.47734375 0.35078125 0.1484375 0.07265625
14 0.625 0.36328125 0.084375 0.071875
14 0.334375 0.56015625 0.1359375 0.08125
14 0.5578125 0.44921875 0.11328125 0.0734375
14 0.7734375 0.33984375 0.13125 0.1140625
14 0.27265625 0.44140625 0.121875 0.06796875
14 0.51796875 0.60390625 0.11171875 0.0921875
14 0.45546875 0.46875 0.1359375 0.07578125
14 0.58125 0.5359375 0.121875 0.09140625
14 0.28671875 0.65234375 0.11875 0.05859375
14 0.4953125 0.51640625 0.3875 0.29609375