1 0.12890625 0.1546875 0.18828125 0.1703125
1 0.33671875 0.14609375 0.24765625 0.19609375
1 0.13515625 0.37421875 0.2125 0.22265625
1 0.34609375 0.37734375 0.2484375 0.265625
1 0.59765625 0.17734375 0.278125 0.240625
1 0.81875 0.109375 0.265625 0.20859375
1 0.6359375 0.4328125 0.2796875 0.22890625
1 0.8609375 0.340625 0.27734375 0.20859375
1 0.846875 0.696875 0.271875 0.22890625
1 0.64609375 0.7265625 0.2265625 0.18984375
1 0.32578125 0.6640625 0.20703125 0.18046875
1 0.11484375 0.66640625 0.22890625 0.253125
1 0.11484375 0.88984375 0.22890625 0.2078125
1 0.3671875 0.88203125 0.29609375 0.19375
1 0.65078125 0.9046875 0.2734375 0.18984375
1 0.8984375 0.915625 0.203125 0.15546875